4960
80
75 5025
43 1333
250 17500
93 3441
250 19750
242 12826
183 6222
163 13366
168 11424
192 14976
285 16245
108 3348
76 5244
149 11920
98 6076
297 22572
19 1463
146 9928
165 6765
162 9072
169 12506
286 14300
235 8930
247 10868
77 5005
145 11600
287 18942
12 624
57 4503
241 19039
173 5363
49 2499
161 12075
287 18081
273 21021
225 13500
192 14208
10 670
48 1776
184 7544
155 7130
218 9592
27 2079
16 720
130 8840
169 12506
66 4224
185 5735
248 15872
35 2240
296 20424
67 3216
178 8366
210 16800
219 17082
250 20000
46 3496
99 3960
94 4512
88 2640
193 7720
128 10368
166 7138
281 14893
121 5687
265 10335
253 10879
22 1320
51 2856
264 12144
244 13664
75 5925
298 11324
264 11616
277 8310
137 10275
215 16340
250 18250
246 15744
48 1488
