120000
2000
284 17040
269 13181
279 13950
88 3960
126 7308
34 1292
129 10191
258 14964
273 12558
290 24070
106 5194
143 6006
193 8106
80 5920
140 11480
29 2233
294 20286
117 8775
37 3145
112 4368
122 8662
129 6450
94 3760
141 8883
198 6732
228 7068
222 10656
167 7181
41 1968
35 1225
267 9879
47 1739
203 6496
281 14050
187 10846
186 11160
215 9890
227 17933
178 8366
118 3894
226 10848
11 506
39 1794
270 13230
197 9850
219 8760
90 7290
115 6670
97 4850
98 7350
20 760
286 12584
188 8648
282 12408
192 6144
133 4123
240 16320
29 899
129 9804
51 1938
257 9252
288 15840
12 432
292 19272
147 9555
195 14820
102 4998
81 4212
32 1088
132 9372
172 5504
157 7065
281 13769
204 7344
190 12350
171 6669
205 13940
161 6601
67 3953
78 2964
141 7332
123 4797
26 1248
104 5824
251 19829
130 4160
248 15872
287 12054
183 6771
201 7437
272 16592
157 10048
59 3599
258 11868
166 11454
51 4233
183 11529
245 20335
183 12627
88 6336
100 8500
89 7476
169 7436
286 20020
112 8736
54 2268
207 10557
152 11400
48 2256
23 1104
295 14750
87 6699
14 658
36 2700
205 11275
25 1625
271 16802
263 11572
106 5724
299 9867
239 16969
13 390
136 11152
194 6790
224 8960
58 2668
63 5103
212 11236
174 12702
242 13794
215 15910
279 15345
97 3201
258 20640
64 5184
91 6370
57 2622
39 1872
296 18648
59 3304
297 15444
156 9516
81 6561
102 4794
95 5415
204 15504
283 20942
190 11210
211 7807
91 3731
241 17352
101 5959
164 5576
244 15860
200 11200
282 18894
38 3040
146 12264
298 21754
51 4284
282 19740
280 20160
31 930
196 8820
150 4500
269 12374
216 17496
248 11904
240 12240
179 5370
82 6150
190 16150
299 9269
109 4142
299 21827
13 832
122 7930
139 11259
103 6077
113 3616
240 8640
231 11781
298 10132
18 1188
51 4284
266 18620
35 1295
16 736
104 6656
219 15549
72 2232
179 11456
70 4760
35 1260
174 11310
182 7462
108 5724
226 7910
242 19602
292 14016
296 15688
276 18768
232 11136
153 9027
178 8188
125 7875
295 17110
219 16644
199 10746
145 5945
153 10098
162 11664
64 2048
289 12138
207 12627
251 12299
39 1248
247 20501
277 18005
122 8052
149 6258
154 10010
286 12584
23 1564
104 8632
72 3888
277 17174
233 11650
117 6552
117 7020
272 21760
28 1540
90 4230
146 8760
22 1078
76 2508
154 6006
174 14442
179 6086
49 4018
213 8094
118 6962
102 6528
44 2244
273 11466
36 1872
191 13179
225 7650
218 11336
43 1376
27 1944
103 8755
164 9840
250 8750
22 1408
179 11098
17 1190
106 8692
165 14025
149 11026
63 2772
48 3312
126 7434
76 6232
115 9200
265 13250
122 10004
59 2891
46 1518
206 7416
21 1659
252 11088
76 6460
228 18240
191 8404
227 14528
185 10915
181 6516
234 7020
101 3333
61 3538
42 2982
197 7880
229 14198
83 5893
41 1886
195 8970
287 20664
41 2337
129 9675
261 14094
143 6006
174 5220
237 19908
69 3450
92 3864
32 2016
25 1475
115 4715
160 6400
278 15012
115 6325
99 7524
171 6669
299 20631
167 8851
39 2847
117 9711
262 9432
87 4698
77 5775
300 14400
58 2726
128 7424
243 12150
85 5015
43 2107
278 15568
82 4182
59 2773
54 3618
202 8080
90 3780
32 2592
173 12975
240 16080
76 5016
156 8112
57 3762
201 17085
280 10640
275 10725
261 12006
243 11178
118 7670
13 1105
173 6055
61 4148
243 16038
179 5907
270 15660
98 3528
157 8949
106 6996
140 5040
180 12420
139 8062
267 14952
293 13478
172 7568
110 3630
26 1768
145 11890
166 9130
269 17216
153 10710
58 2668
214 8132
112 7728
274 21920
242 10648
122 6466
285 13965
81 4941
229 10534
265 14310
298 13708
280 22680
167 13360
269 9146
233 17475
89 7209
214 15408
95 7885
94 6768
296 15984
131 9039
41 1394
257 13364
247 12844
154 9702
52 2080
102 6120
47 2021
130 10010
159 9540
83 6723
60 4680
190 6460
268 16616
28 2044
42 3024
148 7992
94 4700
32 2592
12 588
26 1742
102 4794
220 10560
139 6950
88 5984
142 4544
146 7592
145 7685
134 5494
64 2048
147 8232
106 5830
12 948
30 1170
32 1440
34 1020
80 6400
204 15096
51 4182
144 9216
94 4230
147 5733
68 5372
141 8601
189 13797
116 3944
74 4292
191 15280
134 8576
162 13446
113 5085
237 9480
112 8624
274 14248
239 13623
83 5478
117 8073
288 17280
289 15606
219 8979
268 15276
262 8384
106 5406
46 3772
16 544
31 1829
211 7385
169 6422
66 3432
169 7943
26 936
271 12737
297 13068
264 13464
196 6664
254 17780
49 1911
274 11234
200 10200
278 16402
216 7560
60 4260
37 1480
233 13747
159 10653
295 16520
108 6696
212 6360
281 21356
192 12864
196 7840
268 19296
109 8720
139 4309
264 13992
188 14476
129 7740
154 6006
71 4970
163 9780
211 10339
238 11900
237 19908
103 3605
269 12643
195 8970
86 6794
17 1445
224 9408
208 10400
98 3724
135 7560
85 6800
242 7744
261 15399
157 7379
245 14455
79 4898
171 13680
99 5841
158 12008
121 8712
132 5544
40 2120
209 13794
240 16080
236 8496
297 10395
129 5160
109 6104
259 11655
296 22200
143 9724
187 11220
268 15812
290 13340
200 7400
292 19564
159 7314
146 11096
125 9000
42 3528
119 8806
210 16590
116 4872
155 12555
149 9834
164 12300
164 8856
277 19390
35 1540
259 11914
105 8400
169 12844
51 3060
119 7021
222 7548
183 12627
80 3600
290 12470
138 7314
36 2736
219 9636
40 2600
62 2542
57 4218
261 8091
144 7632
237 9243
279 10881
215 6665
59 2655
183 13908
75 3525
247 14820
161 10304
77 4620
136 8432
33 2178
10 360
118 9086
48 1584
177 11859
162 8586
169 13013
89 7565
262 17030
284 24140
26 2210
168 6384
220 14080
26 1794
221 16575
113 7910
25 1775
27 1269
212 13780
42 1638
55 2145
300 20400
193 15247
115 9545
29 870
44 1584
174 14094
69 3450
126 8694
183 7686
152 12920
180 12420
208 11440
268 9648
130 10920
243 12636
142 5112
266 18620
240 13440
99 3069
18 900
265 18285
219 13140
235 18800
241 17352
218 7630
223 12042
40 2800
112 7952
202 7676
65 4290
70 4130
197 8274
89 6853
162 9396
82 3034
154 8162
92 5336
290 16240
271 18970
200 11200
53 1855
44 2200
149 9685
281 20794
228 10716
60 4740
176 6336
68 5440
124 9920
40 1880
87 3828
248 16368
196 5880
122 8296
37 2442
174 5394
268 12864
20 680
139 6950
54 2106
139 6255
85 4505
14 826
131 4061
196 14896
51 2754
88 7392
262 22270
124 6448
153 9027
252 15120
202 8888
108 6696
44 3432
32 2304
29 1305
25 1000
248 15624
194 7760
47 2303
37 3145
131 7074
299 20631
259 16835
242 9438
271 8130
159 12720
268 19028
16 688
109 8720
143 5148
17 1292
86 4386
96 2976
269 18561
263 14991
250 10750
38 2926
299 20332
93 7626
24 1368
274 20002
59 2360
199 13333
182 10920
217 16275
205 14965
228 17328
154 12474
94 7332
123 4674
283 21225
300 10500
289 13583
152 4712
231 15708
176 11968
79 2923
210 16800
191 12797
15 645
82 4510
162 12150
56 4648
97 8051
73 4745
300 12900
140 9380
126 5796
48 1920
290 9280
86 4214
96 4800
194 9700
160 6240
22 1562
197 14184
295 10030
28 1568
100 3900
142 4970
287 24395
75 5775
264 17952
241 13978
289 21386
75 6225
26 1118
206 13596
244 15128
37 1110
35 2940
195 14625
75 4200
25 825
270 13230
159 12561
119 3927
26 1404
17 782
97 6305
130 10660
148 6068
155 11470
270 19710
228 10716
14 1064
198 13068
40 3120
168 13104
271 13279
24 1944
298 11324
245 11760
190 7410
12 816
70 5530
197 9850
205 6560
138 5106
223 16725
36 2304
284 12212
243 13851
28 1428
221 13702
222 14430
245 7350
89 5518
105 8085
222 15762
91 6188
136 7072
60 3120
133 8778
125 9750
170 6630
215 12685
76 5092
170 5950
285 21660
285 24225
17 1428
275 18975
36 1116
225 11925
120 9600
263 20251
118 6962
261 20619
46 2300
219 10731
231 17094
251 18072
252 12096
238 15708
79 5688
135 11205
287 22099
150 11400
291 19788
32 1536
164 7708
247 19760
235 16450
223 18955
200 15000
51 1530
269 13988
61 4880
138 5658
156 8112
56 3136
48 3408
145 7685
184 9936
274 16988
92 3404
29 1885
170 6630
13 624
90 4950
218 13952
169 11323
217 16492
152 7448
239 17447
133 6916
272 17408
112 6832
181 12489
222 13986
184 14168
159 9540
145 11310
265 11925
283 22074
158 10112
194 7372
73 3504
228 12540
219 12483
255 18360
299 14651
108 4212
277 13019
156 12324
170 11560
22 924
41 2542
224 12096
135 7155
42 2940
60 4620
233 12116
286 18304
143 8866
36 2268
232 11832
159 11766
111 8103
263 13939
201 11256
31 1798
203 16646
212 15264
40 1640
151 12533
78 5616
86 4214
255 9690
73 3139
148 4884
229 17404
102 6426
34 1632
256 12032
272 19040
78 2418
243 19683
32 1824
19 1197
51 2142
230 15870
237 16827
141 5076
52 4264
71 4047
63 4536
184 15640
243 19683
263 14991
254 18034
140 7420
232 14152
251 8534
55 2145
122 6100
250 20000
199 11940
283 21508
85 6460
31 1581
140 8960
105 7140
73 5548
261 9396
185 11470
26 988
246 20172
212 11872
168 11592
257 15420
73 3577
14 840
53 3498
154 6314
114 3420
227 8626
285 14820
271 15447
162 11016
121 7986
246 16482
247 16302
225 14850
268 10720
19 570
210 12390
245 11760
214 16906
248 11160
221 15249
174 6960
39 2730
119 9044
135 7965
163 6194
221 7956
39 2340
170 9350
85 2890
57 3420
149 6705
69 2208
80 4240
257 20560
76 3724
93 6789
210 9450
155 9920
96 4608
211 9495
156 5772
234 15210
112 7056
295 18880
105 3150
208 8736
52 2496
95 6175
162 7290
125 4750
294 16464
33 2409
53 3551
286 22308
262 13886
257 20303
170 12410
19 1197
227 7264
27 1350
267 8811
285 11400
137 5206
180 10260
276 18216
208 11440
156 11544
260 18720
273 12012
240 10080
263 17095
168 9072
55 2420
102 5916
147 11025
125 10000
115 3680
190 11780
265 18020
204 12852
245 20580
27 1053
171 7182
266 9576
289 8670
124 7936
159 6996
216 17712
200 10200
187 13651
109 3924
239 17208
85 4335
64 4480
194 11640
154 11704
209 14421
255 9435
11 836
244 20252
25 875
151 7097
255 16320
88 7304
185 12580
71 2982
250 14000
291 24444
202 8080
63 4851
74 3552
128 7040
218 11772
223 13603
294 14406
85 3060
51 1581
153 4590
134 8308
111 4218
212 7844
75 4875
210 14910
111 5661
34 1224
268 10184
270 21330
225 17100
205 13530
162 8424
28 1652
226 13334
254 8382
195 8970
72 3312
27 1647
49 1519
148 8584
296 18944
10 480
56 2520
60 2940
61 2989
265 20670
190 14820
165 7425
246 15498
248 7688
154 11088
160 9600
153 10251
163 12714
44 3212
276 23184
216 12312
136 5032
184 14720
64 3584
275 11550
137 4521
240 14160
297 15741
34 1700
124 6944
108 3564
199 12338
35 1155
19 1558
27 1674
96 7200
140 8120
70 4760
205 9430
205 9635
154 12936
74 4366
207 10971
57 4845
200 7400
205 16400
237 8058
168 12936
168 12936
30 2250
116 8236
20 960
124 5704
228 18924
24 1488
76 5396
242 13552
52 2912
197 11229
83 4399
64 4416
166 12782
31 1302
227 11577
119 4522
133 8379
195 14040
64 4480
84 3444
127 4699
64 5056
212 6996
242 16456
278 16124
292 22192
48 2256
40 1520
92 6992
249 19671
151 10117
115 4025
240 9360
270 19170
96 7008
264 15840
53 2809
42 1428
44 2728
128 4480
237 13509
28 896
249 12699
165 11385
193 6369
149 12665
51 2244
134 6164
223 13380
270 15660
36 2052
58 2610
45 3465
77 5236
169 6929
48 2976
231 17094
217 8246
97 4365
207 6624
265 18020
20 1540
231 7161
263 19725
272 11696
149 4917
291 23862
193 6948
238 7854
40 1800
141 8883
198 13662
272 19312
126 5670
249 20418
12 528
21 1323
272 23120
177 12921
207 12627
224 9856
182 14560
24 1776
82 3362
297 15444
133 8113
92 5888
230 11270
28 1932
11 726
155 8370
16 608
241 10122
261 14094
128 5632
52 3380
141 10434
261 9918
233 10485
188 12408
283 19527
231 7623
52 2236
291 9894
81 5103
81 4617
50 3300
24 1584
83 3237
114 8778
286 22308
111 3774
191 15853
198 15642
264 18480
41 1640
184 6992
111 4773
137 6713
95 6555
200 9200
193 8492
137 6165
40 1440
120 6960
135 5265
33 1782
174 5568
59 3776
10 360
278 16402
186 6324
175 5950
157 7536
206 12772
197 10638
191 9168
150 9750
240 20160
28 1008
109 3924
287 16072
161 12558
163 13040
290 24360
31 1116
297 13662
224 9408
113 3729
41 2706
221 17459
142 10934
231 13167
152 7904
43 2752
196 12936
222 7104
278 20572
47 3619
248 12648
170 10030
174 7656
73 4964
76 4408
154 11704
183 7503
233 17708
178 13172
181 11403
59 1770
67 3953
64 5312
106 4876
162 13284
125 4625
122 7442
41 2091
251 12048
160 4800
220 13420
122 8906
273 20475
104 3536
65 2340
58 4176
96 7872
211 15192
284 8520
287 10906
95 6840
39 2574
43 2322
133 10906
106 6678
288 19584
23 1334
194 12416
107 8239
67 3953
235 12690
177 13806
13 689
66 2310
249 17181
20 1220
257 10794
160 12320
249 19173
64 5312
260 22100
115 5520
102 3060
49 3577
44 2420
152 5016
242 7502
177 12036
80 4640
84 3528
292 9636
181 7059
238 20230
283 14999
212 11024
68 3332
34 1734
194 11446
19 1026
164 9512
135 10395
246 11808
50 2650
57 4617
149 12069
267 22428
169 12506
282 14946
230 12650
120 4200
52 3536
22 682
112 9184
76 4104
144 11376
143 4576
196 7252
216 6480
160 8480
273 17472
55 3630
167 14195
257 12079
132 5676
233 8155
74 5402
230 7820
128 10240
115 3910
88 2728
209 6688
160 9920
284 14484
288 12672
252 13104
10 650
84 6552
206 17098
297 8910
290 22910
11 506
164 12300
99 5247
277 18005
178 10502
132 8976
140 6300
229 14885
140 4200
34 2482
151 11627
272 16320
278 11398
145 8700
35 2240
162 6318
86 6536
296 9176
242 19118
84 4452
148 8880
233 19106
263 17621
208 7280
52 2496
154 11858
68 5100
168 11928
18 1098
103 7416
62 2790
22 1804
114 5928
97 5141
294 16758
135 8505
22 1760
47 1739
169 9802
95 6080
275 22550
139 10981
226 18532
225 17775
104 6032
181 12670
117 3744
207 15111
199 13731
99 3069
180 11160
239 19359
109 7630
253 8602
211 11605
44 1760
288 10368
189 9261
98 3136
40 2920
249 16683
26 1872
220 13200
199 7761
227 6810
247 8151
155 7285
229 13282
112 6832
27 1755
164 11972
100 4000
58 4350
280 18760
214 7704
165 13530
297 23166
276 22080
204 15504
184 8096
35 2625
237 8295
135 8370
265 18020
23 920
175 14350
12 1008
21 735
83 4814
213 12780
186 15252
290 14210
172 6880
165 9405
139 7228
275 15400
283 21508
216 7128
200 6400
76 4940
206 16274
262 8122
269 21520
247 17290
81 2916
145 4930
29 1537
147 12348
240 17280
158 8848
15 1005
111 6438
40 1680
147 10290
22 1826
55 3795
300 18000
47 2303
260 13000
191 14707
103 8755
160 10080
226 16272
194 9312
195 15015
59 4425
215 9245
152 7752
123 6396
84 5964
63 2079
212 11024
76 4560
197 11820
264 15576
106 4770
219 13797
253 15686
193 10229
92 3680
298 10728
289 19074
209 16929
184 13800
137 11371
230 15180
122 7808
193 10808
288 10080
281 10116
234 17082
293 24319
50 2550
114 5358
175 8925
36 2736
174 8700
276 14352
202 7070
72 5256
258 13674
73 2336
160 12320
161 12558
161 11914
270 22140
117 5967
288 15840
136 10880
17 799
168 13104
247 13091
90 4500
238 7378
292 21900
126 4032
94 3102
263 9731
154 10010
226 11526
148 9176
201 16683
68 2516
184 7176
12 852
43 3354
188 8460
156 7800
46 1564
287 9758
263 11572
91 5460
124 5704
50 3400
153 6426
266 10108
23 1863
138 4140
40 1720
104 3120
73 4964
125 4625
172 6536
50 4050
199 10746
18 1476
31 1891
23 1495
101 7777
61 2745
192 9216
12 492
217 13237
228 9576
211 10339
187 14773
245 16170
97 3104
245 11270
166 6806
296 10360
278 17792
195 12870
250 17750
175 11725
170 8670
57 3591
10 310
270 8100
183 5673
48 2208
65 5330
169 6929
200 10000
160 7040
262 18340
41 1640
172 11180
28 1428
75 2250
125 4375
218 9156
217 14105
204 17136
26 1716
180 13860
73 6059
12 408
231 16170
20 960
89 2848
13 650
198 14454
183 8784
35 2310
246 17958
60 4020
64 4480
21 1722
41 2706
27 1647
244 7564
128 5760
11 858
272 10336
169 6929
277 17451
33 2607
195 14235
249 10209
195 15210
106 4134
163 12225
210 17220
28 1372
165 5280
110 8470
166 14110
235 9635
161 8533
215 10320
295 23600
271 8943
38 1254
276 9936
31 2263
29 1363
62 2604
91 7280
131 6550
64 2816
298 17284
199 11940
103 7725
203 16240
217 14322
140 11620
125 8000
145 8555
193 12159
47 2585
160 10400
238 19992
93 7440
118 6608
298 21158
119 3570
183 12261
44 2992
263 14991
244 15616
47 3525
20 840
83 6889
124 3720
93 7626
293 16701
154 6930
241 7230
262 19650
58 4176
106 7208
184 12328
226 10848
255 19125
102 3672
100 7300
286 16588
195 11115
202 9696
174 8526
27 1782
55 3630
146 7738
129 5031
197 13396
207 17388
98 7056
47 2726
299 22126
186 7812
280 10920
77 2695
172 8944
159 5406
227 18614
42 2100
24 1440
285 9690
102 6222
136 9384
16 1264
271 10027
114 7980
194 16102
13 429
121 7018
162 11988
179 9308
180 12960
300 12000
62 5208
27 891
93 4836
175 7175
242 10164
137 4658
275 18975
185 13320
77 4851
251 15311
239 11711
66 4290
46 2622
97 3783
280 8680
27 837
80 4080
228 7068
55 3960
150 9150
54 4212
102 8670
244 9516
64 4224
236 11800
10 300
126 10458
102 4386
12 708
142 4970
163 5705
96 6240
167 14195
200 8400
96 4608
237 9954
215 13115
128 8576
11 858
239 15774
51 2958
174 9570
196 7252
11 858
74 4958
55 3850
13 689
141 8601
114 7182
214 6634
230 8740
141 11844
75 5925
74 4662
222 11988
54 2970
99 3168
179 7518
92 4048
186 14136
61 2623
37 2997
39 2418
31 1488
204 10404
30 1980
270 17280
278 14456
60 2760
265 15370
183 5856
220 8580
241 12050
198 8910
67 3886
71 5680
22 1188
251 19327
196 14896
252 14364
245 8820
130 4680
64 2432
156 8112
198 7524
263 19199
130 7670
25 1325
226 12656
265 8480
169 11154
135 6075
94 7426
186 13392
182 15106
299 10166
228 19380
193 14861
206 9064
269 20175
248 14632
276 17388
173 10207
43 1806
207 9522
78 6240
123 4428
108 3240
257 16962
30 1200
14 1190
243 8262
257 11308
290 15370
210 16170
296 21608
236 10148
222 18870
69 5313
187 12155
110 9240
278 20850
88 6072
229 9389
193 7720
198 11286
55 2200
292 10804
83 3735
189 6804
196 9016
133 10507
33 2145
211 16669
11 495
272 12240
268 21708
186 12462
159 12561
287 21525
86 5418
278 21406
264 19008
66 2310
256 8704
246 7872
276 23460
256 14848
245 15435
160 12480
101 4646
194 13386
290 16820
24 912
82 3936
106 8798
52 3224
141 11139
256 11776
232 7888
116 4408
21 945
285 15675
66 5280
232 17168
41 2214
18 540
121 5082
171 6498
164 7872
225 13725
199 11940
198 11880
296 20720
210 8610
144 8352
158 5214
266 15960
135 10530
262 22008
36 1476
236 8732
185 13505
16 608
198 16038
282 21432
205 6560
194 12222
176 8096
224 7616
251 12048
112 3808
32 1952
151 12080
46 1886
104 8632
33 2112
234 8658
129 10578
16 880
193 7141
76 4712
29 1508
134 10988
138 11040
263 21303
69 5106
192 10560
134 5628
178 14418
97 6111
205 10865
35 2975
183 14274
56 3528
138 5520
245 11025
296 10064
84 3360
277 9695
149 6109
266 21280
173 14013
267 16287
118 6254
259 8547
73 5475
58 2958
289 23120
37 1591
117 9594
260 13780
180 14580
34 1156
188 12220
248 9920
22 858
92 5980
300 16800
192 8640
85 4335
39 1599
282 9870
207 8901
231 19173
44 2904
158 5846
144 4464
137 5754
102 8160
146 6132
177 9912
220 15400
183 5673
135 5535
148 7104
181 13756
173 6574
181 15385
82 3280
169 8619
182 9282
48 2592
198 8910
161 9016
285 9690
16 1248
252 10836
68 2584
200 14600
152 11552
226 9040
104 4888
60 3780
263 7890
211 7807
200 8200
221 9282
151 10419
