25600
400
213 14058
25 1925
121 7018
245 8820
33 1485
174 8526
117 9711
43 2967
126 8064
44 3432
76 4028
257 10023
86 4472
127 5715
214 6634
198 13266
267 13884
160 9600
157 4867
268 12596
13 494
15 975
268 17956
113 6328
242 13552
81 4374
35 2870
54 4212
92 6348
83 3569
102 7650
118 9912
174 13050
14 462
120 4680
250 10000
260 17420
230 15410
195 10920
201 11457
172 14620
168 6720
20 1260
255 16830
62 3906
246 16728
68 3332
121 3872
118 8850
95 7600
295 11505
142 5254
249 20418
115 4600
274 10960
161 9982
184 12512
164 7380
249 19173
195 13455
235 11280
210 15120
33 2079
29 1334
162 4860
185 11655
291 9312
224 16128
197 15366
177 8850
75 4350
159 13038
266 19684
226 12204
278 16958
112 8064
269 22865
57 4275
209 11077
250 20500
76 4408
25 875
270 13230
176 11088
12 384
182 10010
294 11172
127 5715
241 17111
58 3944
70 2800
223 15610
167 12692
269 9684
41 2296
134 9916
123 7626
226 18758
189 11718
171 7353
168 10248
82 4510
223 6913
217 9765
243 7776
157 8164
105 5985
278 18904
268 19832
75 4650
171 12654
286 23166
248 15128
252 17892
99 7326
222 7326
131 6812
189 11718
283 18678
146 10658
181 7602
70 3990
24 1944
200 9600
276 22908
133 6517
53 2756
230 17020
23 1104
148 10804
157 5495
210 13020
223 8028
53 3816
216 17280
65 3380
131 8253
222 13764
64 4608
135 10665
26 910
187 9724
185 13135
232 15080
61 3111
215 15695
11 880
298 9834
184 11960
83 3901
115 5635
134 8308
183 12993
109 8720
193 13317
249 19671
287 15498
189 11907
13 923
208 8112
156 7956
136 10336
143 5005
210 10290
118 5782
238 18088
90 4500
148 9620
86 6364
263 8679
100 6800
51 3162
186 11904
63 3528
14 462
82 6888
149 9089
195 12090
171 7866
49 2548
185 13875
221 18343
288 14688
32 2048
208 7696
118 8850
175 7350
181 14480
23 690
12 1008
90 7560
256 17152
86 3956
250 14500
21 1785
195 9750
150 12450
296 23976
27 1674
232 9048
99 6138
229 17862
52 2132
35 1890
245 9555
212 11448
31 2325
276 19872
51 3774
107 8132
121 3630
222 7548
46 3082
183 13725
266 9842
100 5500
252 11088
198 9702
273 13377
276 16284
95 3135
179 6265
141 6768
276 8280
215 18275
282 20868
279 18972
148 11100
267 18957
239 11472
300 15600
148 9324
207 15318
143 7150
149 6705
259 11914
266 14364
192 11520
94 3572
178 12104
23 1794
299 22724
224 12992
74 4884
191 6112
79 5135
233 19805
74 5994
257 17990
114 7866
284 22720
137 8905
134 6298
258 20124
102 3162
272 22848
224 11648
108 7344
270 21600
25 750
100 5800
29 2262
276 11316
222 14874
263 12361
231 10395
169 9633
280 21840
229 13969
171 14364
12 528
285 11400
33 2739
232 9512
278 18904
189 9828
257 8481
138 4278
123 7995
60 3300
74 3922
249 15438
183 6771
160 4960
109 6540
16 1344
185 14245
84 5880
287 8897
43 3569
223 8474
156 12480
92 7544
226 13108
191 7258
241 14460
134 11390
155 12090
278 22796
244 17324
270 22680
176 8800
236 11564
248 8928
19 1349
154 6160
241 13014
41 2624
227 7264
31 1829
223 10035
47 2068
196 7644
108 9072
79 4424
55 2860
57 2964
65 5070
12 996
195 16185
138 10764
209 10868
119 6307
236 11092
161 5635
62 2108
167 13026
123 9963
275 8250
215 13975
40 3200
276 21804
247 16055
136 11424
27 891
205 12915
112 4816
245 20580
181 10317
106 7314
276 14076
22 1584
36 2988
17 1190
64 5440
264 19272
192 13056
230 14490
22 880
229 7786
270 15930
92 3036
244 7320
210 17430
169 13013
219 9855
154 10472
217 6510
123 8610
285 12540
106 6784
263 12361
264 16632
146 8614
121 8349
226 14690
170 5610
53 3498
157 6437
271 13008
289 17629
109 4578
256 16384
64 3328
98 4998
239 17447
65 4095
138 5106
269 12374
205 14555
157 9263
88 5192
65 3900
37 1147
158 13272
234 17082
236 17936
144 8640
212 13144
21 1260
240 16080
133 9443
232 17632
162 12960
175 8400
241 13014
221 7735
280 17080
254 14732
297 23166
