7560
120
86 4730
290 12180
18 1494
216 10368
131 7729
100 6000
76 3420
253 16192
160 11680
14 980
53 1802
54 2322
104 5824
289 15606
251 12299
143 10296
85 4165
28 1316
50 2000
188 9024
293 14650
72 2376
40 1400
60 4380
106 6466
250 14750
137 11371
21 1176
77 5159
177 7257
72 4608
17 1326
114 8892
251 11044
177 10266
13 520
62 3906
173 14359
148 9472
278 13344
263 18936
285 19095
135 9855
151 12533
280 10920
246 11316
166 6142
115 4945
86 3440
232 12992
232 12760
239 20315
285 21945
197 15760
76 6004
189 12663
70 2870
100 8000
241 10363
190 12160
168 14280
287 14350
36 1980
189 8694
37 1295
159 9381
297 25245
76 3040
141 9024
26 1014
254 13970
231 8085
228 13680
254 14732
212 11660
179 10740
245 14700
23 966
109 5668
23 943
262 17030
219 16206
267 8277
133 9975
135 5805
170 5950
91 7462
258 18060
284 8520
133 6251
232 10440
136 4080
147 10143
74 4514
110 7700
79 6241
190 12730
188 13724
166 7802
144 5616
256 7680
101 3333
76 2812
38 2090
300 18600
180 15120
163 9128
234 15678
171 13851
181 8507
90 6570
232 10208
163 8313
137 10960
98 7742
15 915
118 7552
154 13090
263 19462
127 4699
