30000
500
105 8505
116 5568
63 3465
78 3432
58 4640
289 17051
205 11480
190 15770
168 5712
212 7632
272 13600
291 9312
184 14168
248 10664
121 6776
162 10044
275 16500
186 13578
35 1190
112 6608
92 6532
282 14100
191 8977
265 11130
22 1628
71 5964
162 9072
68 2040
247 10374
128 9472
84 5460
16 592
207 7659
87 6786
133 11039
51 2652
30 2550
168 14112
154 11858
217 11501
19 874
87 7308
43 2838
83 3984
29 1595
70 4130
65 2080
229 8015
55 2090
283 12735
126 5418
288 18144
170 5440
106 4558
284 18176
68 5576
266 17024
140 9660
264 10296
157 7693
285 18810
271 18157
283 19810
176 6336
293 14943
38 1596
41 2993
146 8614
133 8911
27 1620
182 6734
290 22620
205 8815
290 10730
107 5350
145 7395
98 4900
222 11322
275 19800
78 4056
245 17640
54 2322
100 8200
172 8256
77 2464
133 9709
25 1625
275 18700
171 12141
43 1763
11 341
33 2739
173 9515
81 4131
178 9612
246 20418
21 861
196 5880
184 13248
100 7300
119 5236
231 15015
127 5715
58 3306
28 1260
37 2590
189 12852
99 7821
117 9945
205 16195
76 5244
16 1024
20 1120
94 4888
182 13832
211 16458
88 4048
295 13570
11 737
186 11718
266 19684
181 12127
197 6304
33 1188
253 17204
94 4982
283 22640
298 19966
106 8268
205 14145
11 803
31 1178
38 2014
70 3080
225 15075
88 7392
147 11319
212 7844
117 9009
198 14652
82 3772
41 1886
208 6656
201 11256
276 17388
215 9890
223 14049
199 14726
35 1715
176 8800
210 14280
274 18906
259 20202
222 9768
233 9553
247 11362
64 3712
72 2952
14 1148
68 2992
219 10074
237 11376
151 5285
138 10488
299 20930
185 11285
221 16133
278 18070
138 10488
95 6840
40 2720
225 10125
244 17080
73 6059
145 8555
31 2046
284 13348
10 490
280 18480
13 416
34 1258
259 13727
291 11931
97 6984
234 16146
291 16296
147 9702
192 16128
213 17892
137 10549
151 12533
250 18000
169 11830
53 2067
245 8820
185 12210
73 4964
281 18827
99 6138
133 6650
298 22052
99 3168
162 13770
286 19448
247 8645
251 19578
125 6500
280 10360
53 2014
27 1188
213 13845
15 1050
203 12992
247 19760
206 10300
292 20440
283 18678
193 14861
32 1568
141 10152
210 15960
143 6721
45 2070
139 4587
83 5063
122 6954
215 15050
103 5871
53 1855
116 9512
116 4176
12 504
117 6435
39 2730
55 4235
97 3395
32 1760
78 2652
256 10496
28 980
31 2077
161 8855
156 10608
259 21756
101 3636
261 22185
193 7527
184 8280
289 9537
143 10868
95 4180
134 10586
78 5148
278 8896
167 7682
244 13420
298 14900
278 15290
253 10879
299 10465
209 11077
298 25032
263 9468
184 7912
222 8880
88 6776
262 13624
17 935
93 3069
206 6386
284 12212
142 10082
88 6336
270 20790
166 10790
286 21450
203 16037
207 9108
194 13580
208 6864
284 15620
139 5699
78 6084
37 2775
43 2494
17 663
94 6110
62 3472
236 19116
86 6622
24 1848
77 5005
45 2925
226 17176
104 5720
194 6208
258 10578
217 10416
262 20698
207 16353
292 22192
198 14454
263 17621
67 4489
39 3120
61 3843
45 3105
90 7380
138 5244
297 9207
16 752
39 2574
43 3268
71 5893
243 12636
111 5328
183 14823
195 16380
129 8643
32 1824
15 1020
275 16775
280 18200
275 8800
72 4176
223 18732
176 7568
183 7686
113 7232
43 2537
16 1072
89 3471
60 2220
166 11952
33 2706
228 12996
136 11288
86 4902
76 4332
46 1702
172 6192
32 992
50 3650
297 22275
118 4956
73 3723
20 1060
212 13568
266 12236
168 9744
89 3471
279 8370
25 1200
292 22192
265 20405
131 9956
268 21708
243 13122
172 12384
191 13943
269 14795
136 6936
172 12900
233 13281
176 8976
299 17342
287 16933
128 8064
94 5546
110 3630
278 23630
74 2368
102 3264
123 7134
268 20100
188 12784
122 8174
171 10260
19 722
94 3008
153 8109
35 1925
209 14003
65 5200
261 17748
205 11070
224 8960
77 6314
159 9381
137 8905
133 4655
93 6417
45 3195
117 4212
27 1161
121 5203
82 2952
108 4860
126 6174
79 3397
294 21168
70 3850
220 7920
237 12324
147 8673
123 3813
77 3619
224 15232
45 2025
293 8790
136 9112
279 20088
237 7584
187 14212
172 9632
168 11424
60 2880
117 4446
176 14080
14 994
195 14235
198 13662
246 19926
57 2394
189 9639
254 20320
247 16055
265 12720
78 3822
60 1800
24 1584
12 420
106 6042
214 9630
126 7560
176 8624
128 9984
245 19110
141 10011
137 4110
27 1701
95 3610
199 7960
211 9495
44 2024
39 2262
44 3740
217 13671
139 9174
32 960
61 5185
110 3630
284 11928
48 2016
55 1705
190 13110
184 15088
181 7421
112 5712
253 17710
249 15687
105 5985
29 2059
50 2400
74 4366
38 2204
246 12546
132 11220
28 924
293 24905
31 1922
136 11152
168 6048
284 11360
111 7104
35 1260
48 3072
274 23016
159 13038
228 16644
228 11400
227 7264
69 3519
264 21648
230 10810
185 11100
267 9345
82 6478
214 16478
268 14204
281 12645
157 11618
71 5254
292 9636
113 3616
73 3139
298 19668
161 13202
265 8480
11 473
