120 130
0000000000000000000000000000000000000000000000000000000000000000000000000000000000000000000000000000000000000000000000000000000000
0010000000000000000000000000000000000000000000000000000000000000000000000000000000000000000000000000000000000000000000000000000000
0001000000000000000000000000000000000000000000000000000000000000000000000000000000000000000000000000000000000000000000000000000000
1000100000000000000000000000000000000000000000000000000000000000000000000000000000000000000000000000000000000000000000000000000000
1000000000000000000000000000000000000000000000000000000000000000000000000000000000000000000000000000000000000000000000000000000000
0000000000000000000000000000000000000000000000000000000000000000000000000000000000000000000000000000000000000000000000000000000000
0010000000000000000000000000000000000000000000000000000000000000000000000000000000000000000000000000000000000000000000000000000000
0001000000000000000000000100000000000000000000000000000000000000000000000000000000000000000000000000000000000000000000000000000000
1000100000000000000000000000000000000000000000000000000000000000000000000000000000000000000000000000000000000000000000000000000000
1000000000000000000000000000000000000000000000000000000000000000000000000000000000000000000000000000000000000000000000000000000000
0000000000000000000000000000100000000000000000000000000000000000000000000000000000000000000000000000000000000000000000000000000000
0010000000000000000000000000001000000000000000000000000000000000000000000000000000000000000000000000000000000000000000000000000000
0001000000000000000000000000000010000000000000000000000000000000000000000000000000000000000000000000000000000000000000000000000000
1000100000000000000000000000000000100000000000000000000000000000000000000000000000000000000000000000000000000000000000000000000000
1000000000000000000000000000000000010000000000000000000000000000000000000000000000000000000000000000000000000000000000000000000000
0000000000000000000000000000000000001000000000000000000000000000000000000000000000000000000000000000000000000000000000000000000000
0010000000000000000000000000000000000110000000000000000000000000000000000000000000000000000000000000000000000000000000000000000000
0001000000000000000000000000000000000010000000000000000000000000000000000000000000000000000000000000000000000000000000000000000000
1000100000000000000000000000000000000000000000000000000000000000000000000000000000000000000000000000000000000000000000000000000000
1000000000000000000000000000000000000100000000000000000000000000000000000000000000000000000000000000000000000000000000000000000000
0000000000000000000000000000000000000100000000000000000000000000000000000000000000000000000000000000000000000000000000000000000000
0010000000000000000000000000000000000000000000000000000000000000000000000000000000000000000000000000000000000000000000000000000000
0001000000000000000000000000000000000000000000000000000000000000000000000000000000000000000000000000000000000000000000000000000000
1000100000000000000000000000000000000000000000000000000000000000000000000000000000000000000000000000000000000000000000000000000000
1000000000000000000000000000000000000000000000000000000000000000000000000000000000000000000000000000000000000000000000000000000000
0000000000000000000000000000000000000000000000000000000000000000000000000000000000000000000000000000000000000000000000000000000000
0010000000000000000000000000000000000000000000000000000000000000000000000000000000000000000000000000000000000000000000000000000000
0001000000000000000000000000000000000000000000000000000000000000000000000000000000000000000000000000000000000000000000000000000000
1000100000000000000000000000000000000000000000000000000000000000000000000000000000000000000000000000000000000000000000000000000000
1000000000000000000000000000000000000000000000000000000000000000000000000000000000000000000000000000000000000000000000000000000000
0000000000000000000000000000000000000010000000000000000000000000000000000000000000000000000000000000000000000000000000000000000000
0010000000000000000000000000000000000000100000000000000000000000000000000000000000000000000000000000000000000000000000000000000000
0001000000000000000000000000000000000000001000000000000000000000000000000000000000000000000000000000000000000000000000000000000000
1000100000000000000000000000000000000000000010000000000000000000000000000000000000000000000000000000000000000000000000000000000000
1000000000000000000000000000000000000000000000100000000000000000000000000000000000000000000000000000000000000000000000000000000000
0000000000000000000000000000000000000000000000001000000000000000000000000000000000000000000000000000000000000000000000000000000000
0010000000000000000000000000000000000000000000000010000000000000000000000000000000000000000000000000000000000000000000000000000000
0001000000000000000000000000000000000000000000000000100000000000000000000000000000000000000000000000000000000000000000000000000000
1000100000000000000000000000000000000000000000000000010000000000000000000000000000000000000000000000000000000000000000000000000000
1000000000000000000000000000000000000000000000000000000100000000000000000000000000000000000000000000000000000000000000000000000000
0000000000000000000000000000000000000000000000000000000001000000000000000000000000000000000000000000000000000000000000000000000000
0010000000000000000000000000000000000000000000000000000000010000000000000000000000000000000000000000000000000000000000000000000000
0001000000000000000000000000000000000000000000000000000000000100000000000000000000000000000000000000000000000000000000000000000000
1000100000000000000000000000000000000000000000000000000000000001000000000000000000000000000000000000000000000000000000000000000000
1000000000000000000000000000000000000000000000000001000000000000011000000000000000000000000000000000000000000000000000000000000000
0000000000000000000000000000000000000000000000000000100000000000000000000000000000000000000000000000000000000000000000000000000000
0010000000000000000000000000000000000000000000000000100000000000000000000000000000000000000000000000000000000000000000000000000000
0001000000000000000000000000000000000000000000000000100000000000000000000000000000000000000000000000000000000000000000000000000000
1000100000000000000000000000000000000000000000000000010000000000000000000000000000000000000000000000000000000000000000000000000000
1000000000000000000000000000000000000000000000000000010000000000000000000000000000000000000000000000000000000000000000000000000000
0000000000000000000000000000000000000000000000000000010000000000000000000000000000000000000000000000000000000000000000000000000000
0010000000000000000000000000000000000000000000000000010000000000000000000000000000000000000000000000000000000000000000000000000000
0001000000000000000000000000000000000000000000000000010000000000000000000000000000000000000000000000000000000000000000000000000000
1000100000000000000000000000000000000000000000000000011000000000000000000000000000000000000000000000000000000000000000000000000000
1000000000000000000000000000000000000000000000000000001000000000000000000000000000000000000000000000000000000000000000000000000000
0000000000000000000000000000000000000000000000000000000010000000000000000000000000000000000000000000000000000000000000000000000000
0010000000000000000000000000000000000000000000000000000000100000000000000000000000000000000000000000000000000000000000000000000000
0001000000000000000000000000000000000000000000000000000000001010101010000000000000000000000000000000000000000000000000000000000000
1000100000000000000000000000000000000000000000000000000000000000000001000000000000000000000000000000000000000000000000000000000000
1000000000000000000000000000000000000000000000000000000000000000000000100000000000000000000000000000000000000000000000000000000000
0000000000000000000000000000000000000000000000000000000000000000000000010000000000000000000000000000000000000000000000000000000000
0010000000000000000000000000000000000000000000000000000000000000000000001000000000000000000000000000000000000000000000000000000000
0001000000000000000000000000000000000000000000000000000000000000000000000100000000000000000000000000000000000000000000000000000000
1000100000000000000000000000000000000000000000000000000000000000000000000001000000000000000000000000000000000000000000000000000000
1000000000000000000000000000000000000000000000000000000000000000000000000000010000000000000000000000000000000000000000000000000000
0000000000000000000000000000000000000000000000000000000000000000000000000000000100000000000000000000000000000000000000000000000000
0010000000000000000000000000000000000000000000000000000000000000000000000000000010000000000000000000000000000000000000000000000000
0001000000000000000000000000000000000000000000000000000000000000000000000000000001000000000000000000000000000000000000000000000000
1000100000000000000000000000000000000000000000000000000000000000000000000000000000010000000000000000000000000000000000000000000000
1000000000000000000000000000000000000000000000000000000000000000000000000000000000000010000000000000000000000000000000000000000000
0000000000000000000000000000000000000000000000000000000000000000000000000000000000000000100000000000000000000000000000000000000000
0010000000000000000000000000000000000000000000000000000000000000000000000000000000000000010000000000000000000000000000000000000000
0001000000000000000000000000000000000000000000000000000000000000000000000000000000000000000100000000000000000000000000000000000000
1000100000000000000000000000000000000000000000000000000000000000000000000000000000000000000001000000000000000000000000000000000000
1000000000000000000000000000000000000000000000000000000000000000000000000000000000000000000000010000000000000000000000000000000000
0000000000000000000000000000000000000000000000000000000000000000000000000000000000000000000000001000000000000000000000000000000000
0010000000000000000000000000000000000000000000000000000000000000000000000000000000000000000000000001000000000000000000000000000000
0001000000000000000000000000000000000000000000000000000000000000000000000000000000000000000000000000010000000000000000000000000000
1000100000000000000000000000000000000000000000000000000000000000000000000000000000000000000000000000001000000000000000000000000000
1000000000000000000000000000000000000000000000000000000000000000000000000000000000000000000000000000000010000000000000000000000000
0000000000000000000000000000000000000000000000000000000000000000000000000000000000000000000000000000000001010000000000000000000000
0010000000000000000000000000000000000000000000000000000000000000000000000000000000000000000000000000000000010000000000000000000000
0001000000000000000000000000000000000000000000000000000000000000000000000000000000000000000000000000000000010000000000000000000000
1000100000000000000000000000000000000000000000000000000000000000000000000000000000000000000000000000000000010000000000000000000000
1000000000000000000000000000000000000000000000000000000000000000000000000000000000000000000000000000000000010000000000000000000000
0000000000000000000000000000000000000000000000000000000000000000000000000000000000000000000000000000000000010000000000000000000000
0010000000010000000000000000000000000000000000000000000000000000000000000000000000000000000000000000000000000000000000000000000000
0001000000000000000000000000000000000000000000000000000000000000000000000000000000000000000000000000000000000000000000000000000000
1000100000000100000000000000000000000000000000000000000000000000000000000000000000000000000000000000000000000000000000000000000000
1000000000000000100000000000000000000000000000000000000000000000000000000000000000000000000000000000000000000000000000000000000000
0000000000000000001000000000000000000000000000000000000000000000000000000000000000000000000000000000000000000000000000000000000000
0010000000000000000010000000000000000000000000000000000000000000000000000000000000000000000000000000000000000000000000000000000000
0001000000000000000000100000000000000000000000000000000000000000000000000000000000000000000000000000000000000000000000000000000000
1000100000000000000000001000000000000000000000000000000000000000000000000000000000000000000000000000000000000000000000000000000000
1000000000000000000000000010000000000000000000000000000000000000000000000000000000000000000000000000000000000000000000000000000000
0000000000000000000000000001000000000000000000000000000000000000000000000000000000000000000000000000000000000000000000000000000000
0010000000000000000000000000100000000000000000000000000000000000000000000000000000000000000000000000000000000000000000000000000000
0001000000000000000000000000001000000000000000000000000000000000000000000000000000000000000000000000000000000000000000000000000000
1000100000000000000000000000000010000000000000000000000000000000000000000000000000000000000000000000000000000000000000000000000000
1000000000000000000000000000000000100000000000000000000000000000000000000000000000000000000000000000000000000000000000000000000000
0000000000000000000000000000000000001000000000000000000000000000000000000000000000000000000000000000000000000000000000000000000000
0010000000000000000000000000000000000010000000000000000000000000000000000000000000000000000000000000000000000000000000000000000000
0001000000000000000000000000000000000000100000000000000000000000000000000000000000000000000000000000000000000000000000000000000000
1000100000000000000000000000000000000000001000000000000000000000000000000000000000000000000000000000000000000000000000000000000000
1000000000000000000000000000000000000000000010000000000000000000000000000000000000000000000000000000000000000000000000000000000000
0000000000000000000000000000000000000000000000100000000000000000000000000000000000000000000000000000000000000000000000000000000000
0010000000000000000000000000000000000000000000001000000000000000000000000000000000000000000000000000000000000000000000000000000000
0001000000000000000000000000000000000000000000000010000000000000000000000000000000000000000000000000000000000000000000000000000000
1000100000000000000000000000000000000000000000000000100000000000000000000000000000000000000000000000000000000000000000000000000000
1000000000000000000000000000000000000000000000000000001000000000000000000000000000000000000000000000000000000000000000000000000000
0000000000000000000000000000000000000000000000000000000010000000000000000000000000000000000000000000000000000000000000000000000000
0010000000000000000000000000000000000000000000000000000000100000000000000000000000000000000000000000000000000000000000000000000000
0001000000000000000000000000000000000000000000000000000000001000000000000000000000000000000000000000000000000000000000000000000000
1000100000000000000000000000000000000000000000000000000000000100000000000000000000000000000000000000000000000000000000000000000000
1000000000000000000000000000000000000000000000000000000000000010000000000000000000000000000000000000000000000000000000000000000000
0000000000000000000000000000000000000000000000000000000000000001000000000000000000000000000000000000000000000000000000000000000000
0010000000000000000000000000000000000000000000000000000000000000100000000000000000000000000000000000000000000000000000000000000000
0001000000000000000000000000000000000000000000000000000000000000000000000000000000000000000000000000000000000000000000000000000000
1000100000000000000000000000000000000000000000000000000000000000010000000000000000000000000000000000000000000000000000000000000000
1000000000000000000000000000000000000000000000000000000000000000001000000000000000000000000000000000000000000000000000000000000000
600
11 2
21 1
33 2
41 2
41 1
53 2
62 2
71 1
83 2
92 2
11 1
23 2
32 2
41 1
53 2
2 2
1 1
3 2
2 2
1 1
3 2
2 2
1 1
3 2
2 2
1 11
3 21
2 2
1 11
3 12
2 22
1 21
3 32
2 32
1 41
3 42
2 2
15 1
37 2
28 2
51 1
3 24
2 21
1 11
3 2
2 12
1 11
3 112
2 12
1 1
3 2
12 2
1 1
3 12
2 12
1 11
3 2
221 2
14 1
3 2
2 25
1 15
3 25
2 72
1 1
3 92
2 02
1 1
33 2
29 2
1 1
03 2
2 23
1 1
3 542
2 2
1 1
35 2
2 2
1 1
3 32
2 2
441 1
3 2
2 2
1 1
3 42
2 2
1 1
3 2
2 2
1 1
33 2
2 2
1 61
3 2
2 2
1 1
3 342
2 2
1 1
3 26
2 2
1 1
3 2
62 2
1 16
3 2
2 62
1 1
332 2
2 2
143 1
3 2
2623 2
1 1
3 72
27 2
1 1
23 2
2 5462
14 1
3 2
2 2
1 1
3 2
23 2
1 1
35 2
2 26
1 1
3 2
27 2
1 1
93 02
2 2
1 1
31 2
2 2
1 12
3 2
2 32
1 1
3 2
42 2
1 15
3 2
2 2
16 1
3 2
2 2
17 18
3 2
2 2
1 91
3 2
2 2
1 1
37 2
2 2
1 61
3 25
2 2
1 1
3 23
2 2
1 1
3 2
12 2
1 1
3 2
2 2
1 1
34 2
2 2
1 1
3 25
2 2
1 1
3 2
26 2
1 1
3 2
2 2
71 1
3 2
2 28
1 1
3 2
2 2
91 1
3 2
20 2
1 1
3 2
2 21
1 1
3 2
2 2
12 1
3 2
2 2
1 31
3 2
2 2
1 1
3 42
2 2
1 1
3 2
2 52
1 1
3 2
2 2
16 1
3 2
2 2
1 1
3 72
2 2
1 1
3 2
28 2
1 1
3 2
2 2
1 19
3 2
2 2
1 1
30 2
2 2
1 1
3 24
2 2
1 1
3 2
24 2
1 1
3 2
2 21
1 1
3 2
2 2
12 1
3 2
2 2
1 13
3 2
2 2
1 1
3 42
2 2
1 1
3 2
2 52
1 1
3 2
26 2
1 1
3 2
72 2
1 1
3 2
2 72
1 1
3 2
28 2
1 1
3 2
2 2
1 1
3 2
2 2
1 1
3 2
2 2
1 1
3 2
2 2
1 1
3 2
2 2
1 1
3 2
2 2
1 1
3 2
2 2
1 1
3 2
2 2
1 1
3 2
2 2
1 1
3 2
2 2
1 1
3 2
2 2
1 1
3 2
2 2
1 1
3 2
2 2
1 1
3 2
2 2
1 1
3 2
2 2
1 1
3 2
2 2
1 1
3 2
2 2
1 1
3 2
2 2
1 1
3 2
2 2
1 1
3 2
2 2
1 1
3 2
2 2
1 1
3 2
2 2
1 1
3 2
2 2
1 1
3 2
2 2
1 1
3 2
2 2
1 1
3 2
2 2
1 1
3 2
2 2
1 1
3 2
2 2
1 1
3 2
2 2
1 1
3 2
2 2
1 1
3 2
2 2
1 1
3 2
2 2
1 1
3 2
2 2
1 1
3 2
2 2
1 1
3 2
2 2
1 1
3 2
2 2
1 1
3 2
2 2
1 1
3 2
2 2
1 1
3 2
2 2
1 1
3 2
2 2
1 1
3 2
2 2
1 1
3 2
2 2
1 1
3 2
2 2
1 1
3 2
2 2
1 1
3 2
2 2
1 1
3 2
2 2
1 1
3 2
2 2
1 1
3 2
2 2
1 1
3 2
2 2
1 1
3 2
2 2
1 1
3 2
2 2
1 1
3 2
2 2
1 1
3 2
2 2
1 1
3 2
2 2
1 1
3 2
2 2
1 1
3 2
2 2
1 1
3 2
2 2
1 1
3 2
2 2
1 1
3 2
2 2
1 1
3 2
2 2
1 1
3 2
2 2
1 1
3 2
2 2
1 1
3 2
2 2
1 1
3 2
2 2
1 1
3 2
2 2
1 1
3 2
2 2
1 1
3 2
2 2
1 1
3 2
2 2
1 1
3 2
2 2
1 1
3 2
2 2
1 1
3 2
2 2
1 1
3 2
2 2
1 1
3 2
2 2
1 1
3 2
2 2
1 1
3 2
2 2
1 1
3 2
2 2
1 1
3 2
2 2
1 1
3 2
2 2
1 1
3 2
2 2
1 1
3 2
2 2
1 1
3 2
2 2
1 1
3 2
2 2
1 1
3 2
2 2
1 1
3 2
2 2
1 1
3 2
2 2
1 1
3 2
2 2
1 1
3 2
2 2
1 1
3 2
2 2
1 1
3 2
2 2
1 1
3 2
2 2
1 1
3 2
2 2
1 1
3 2
2 2
1 1
3 2
2 2
1 1
3 2
2 2
1 1
3 2
2 2
1 1
3 2
2 2
1 1
3 2
2 2
1 1
3 2
2 2
1 1
3 2
2 2
1 1
3 2
2 2
1 1
3 2
2 2
1 1
3 2
2 2
1 1
3 2
2 2
1 1
3 2
2 2
1 1
3 2
2 2
1 1
3 2
2 2
1 1
3 2
2 2
1 1
3 2
2 2
1 1
3 2
2 2
1 1
3 2
2 2
1 1
3 2

