11942
10948
7184
5754
7461
3946
2861
3519
1244
848
12884
9197
7375
7461
3946
14670
15372
14272
14670
15372
14272
14670
15372
14272
14670
12979
9935
14670
12979
11903
10123
10819
7744
8121
6953
5998
14670
12084
6450
8167
5948
9303
10337
12979
14272
12300
12979
181
12300
15372
14272
11685
15372
11903
12300
12979
14272
0
12280
14272
9498
12108
9102
2351
15372
734
14670
15372
7184
7966
15372
14272
9910
15372
0
14670
15372
6810
14670
15372
7744
14670
0
14272
14670
15372
5998
14670
15372
14272
14670
15372
7184
14670
3920
14272
14670
15372
0
14670
15372
8902
14670
15372
14272
2861
11891
14272
3436
15372
0
14670
0
14272
0
15372
2151
8370
15372
9197
0
12280
14272
14670
15372
14272
9197
15372
6810
9294
15372
14272
8370
15372
815
14670
15372
7570
14670
12761
14272
8121
15372
14272
5587
12108
14272
14670
11890
14272
14670
7070
14272
14670
1179
14272
14670
15372
6450
14670
3920
9102
14670
15372
9508
14670
15372
14272
11685
15372
14272
14670
15372
6995
14670
15372
9102
14670
15372
14272
8575
15372
14272
14670
3519
14272
8895
15372
14272
14670
1891
14272
9836
15372
14272
10337
15372
14272
14670
12680
14272
14670
8794
14272
14670
15372
5998
14670
15372
14272
4744
15372
14272
14670
11890
14272
14670
15372
2151
14670
15372
14272
8167
15372
14272
14670
11244
14272
14670
15372
7767
14670
15372
9303
14670
15372
14272
8988
15372
14272
10337
15372
14272
14670
12680
14272
14670
12543
14272
14670
15372
5998
14670
15372
14272
4744
15372
14272
8575
15372
14272
1934
15372
14272
2351
15372
14272
8167
15372
14272
14670
15372
14272
14670
15372
14272
14670
15372
14272
14670
15372
14272
14670
15372
14272
14670
15372
14272
14670
15372
14272
14670
15372
14272
14670
15372
14272
14670
15372
14272
14670
15372
14272
14670
15372
14272
14670
15372
14272
14670
15372
14272
14670
15372
14272
14670
15372
14272
14670
15372
14272
14670
15372
14272
14670
15372
14272
14670
15372
14272
14670
15372
14272
14670
15372
14272
14670
15372
14272
14670
15372
14272
14670
15372
14272
14670
15372
14272
14670
15372
14272
14670
15372
14272
14670
15372
14272
14670
15372
14272
14670
15372
14272
14670
15372
14272
14670
15372
14272
14670
15372
14272
14670
15372
14272
14670
15372
14272
14670
15372
14272
14670
15372
14272
14670
15372
14272
14670
15372
14272
14670
15372
14272
14670
15372
14272
14670
15372
14272
14670
15372
14272
14670
15372
14272
14670
15372
14272
14670
15372
14272
14670
15372
14272
14670
15372
14272
14670
15372
14272
14670
15372
14272
14670
15372
14272
14670
15372
14272
14670
15372
14272
14670
15372
14272
14670
15372
14272
14670
15372
14272
14670
15372
14272
14670
15372
14272
14670
15372
14272
14670
15372
14272
14670
15372
14272
14670
15372
14272
14670
15372
14272
14670
15372
14272
14670
15372
14272
14670
15372
14272
14670
15372
14272
14670
15372
14272
14670
15372
14272
14670
15372
14272
14670
15372
14272
14670
15372
14272
14670
15372
14272
14670
15372
14272
14670
15372
14272
14670
15372
14272
14670
15372
14272
14670
15372
14272
14670
15372
14272
14670
15372
14272
14670
15372
14272
14670
15372
14272
14670
15372
14272
14670
15372
14272
14670
15372
14272
14670
15372
14272
14670
15372
14272
14670
15372
14272
14670
15372
14272
14670
15372
14272
14670
15372
14272
14670
15372
14272
14670
15372
14272
14670
15372
14272
14670
15372
14272
14670
15372
14272
14670
15372
14272
14670
15372
14272
14670
15372
14272
14670
15372
14272
14670
15372
14272
14670
15372
14272
14670
15372
14272
14670
15372
14272
14670
15372
14272
14670
15372
14272
14670
15372
14272
14670
15372
14272
14670
15372
14272
